110  42
173  43
234  57
56   75
147  84
213  104
270  97
40   128
91   121
223  152
278  155
51   181
102  174
169  194
248  209
97   228
150  239
200  243

100  082   19
147  065   20
190  058   21
238  068   22
275  100   23
077  106   24
126  110   25
182  100   26
279  125   27
066  152   28
143  131   29
121  148   30
286  151   31
075  177   32
169  176   33
248  187   34
125  201   35
205  209   36
114  224   37
196  228   38
225  147   39
316  140   40


131  113
